0 0 0 0 0 0 0 0 0 0 0 0 0 0 0 0 0 0 0 0 0 0 0 0 0 0 0
0 0 88 88 88 88 88 88 88 88 88 0 88 0 0 0 0 0 0 0 0 0 0 88 0 0 0
0 88 0 0 0 0 0 0 0 0 0 88 0 88 88 88 88 88 88 88 88 88 88 0 88 88 88
0 88 0 0 0 0 0 0 0 0 0 88 0 88 88 88 88 88 88 88 88 88 88 0 88 88 88
0 88 0 0 0 0 0 0 0 0 0 88 0 88 88 88 88 88 88 88 88 88 88 0 88 88 88
0 88 0 0 0 0 0 0 0 0 0 88 0 88 88 88 88 88 88 88 88 88 88 0 88 88 88
0 88 0 0 0 0 0 0 0 0 0 88 0 88 88 88 88 88 88 88 88 88 88 0 88 88 88
0 88 0 0 0 0 0 0 0 0 0 88 0 88 88 88 88 88 88 88 88 88 88 0 88 88 88
0 88 0 0 0 0 0 0 0 0 0 88 0 88 88 88 88 88 88 88 88 88 88 0 88 88 88
0 88 0 0 0 0 0 0 0 0 0 88 0 88 88 88 88 88 88 88 88 88 88 0 88 88 88
0 88 0 0 0 0 0 0 0 0 0 88 0 88 88 88 88 88 88 88 88 88 88 0 88 88 88
0 0 88 88 88 88 88 88 88 88 88 0 88 0 0 0 0 0 0 0 0 0 0 88 0 0 0
0 88 0 0 0 0 0 0 0 0 0 88 0 88 88 88 88 88 88 88 88 88 88 0 88 88 88
0 0 88 88 88 88 88 88 88 88 88 0 88 0 0 0 0 0 0 0 0 0 0 88 0 0 0
0 0 88 88 88 88 88 88 88 88 88 0 88 0 0 0 0 0 0 0 0 0 0 88 0 0 0
0 0 88 88 88 88 88 88 88 88 88 0 88 0 0 0 0 0 0 0 0 0 0 88 0 0 0
0 0 88 88 88 88 88 88 88 88 88 0 88 0 0 0 0 0 0 0 0 0 0 88 0 0 0
0 0 88 88 88 88 88 88 88 88 88 0 88 0 0 0 0 0 0 0 0 0 0 88 0 0 0
0 0 88 88 88 88 88 88 88 88 88 0 88 0 0 0 0 0 0 0 0 0 0 88 0 0 0
0 0 88 88 88 88 88 88 88 88 88 0 88 0 0 0 0 0 0 0 0 0 0 88 0 0 0
0 0 88 88 88 88 88 88 88 88 88 0 88 0 0 0 0 0 0 0 0 0 0 88 0 0 0
0 0 88 88 88 88 88 88 88 88 88 0 88 0 0 0 0 0 0 0 0 0 0 88 0 0 0
0 0 88 88 88 88 88 88 88 88 88 0 88 0 0 0 0 0 0 0 0 0 0 88 0 0 0
0 88 0 0 0 0 0 0 0 0 0 88 0 88 88 88 88 88 88 88 88 88 88 0 88 88 88
0 0 88 88 88 88 88 88 88 88 88 0 88 0 0 0 0 0 0 0 0 0 0 88 0 0 0
0 0 88 88 88 88 88 88 88 88 88 0 88 0 0 0 0 0 0 0 0 0 0 88 0 0 0
0 0 88 88 88 88 88 88 88 88 88 0 88 0 0 0 0 0 0 0 0 0 0 88 0 0 0

0 0 0 0 0 0 0 0 0 0 0 0 0 0 0 0 0 0 0 0 0 0 0 0 0 0 0 0 0 0 0 0 0 0 0 0 0 0 0 0
2 0 1 1 1 1 1 1 1 1 1 2 2 1 1 1 2 2 1 2 2 2 2 1 88 88 88 88 88 88 88 88 88 88 88 88 1 88 88 88
1 1 0 1 0 0 1 1 1 1 1 1 1 1 1 1 1 1 1 1 1 1 1 1 88 88 88 88 88 88 88 88 88 88 88 88 1 88 88 88
2 1 1 0 1 1 1 1 1 1 1 2 2 1 1 1 2 2 1 2 2 2 2 1 88 88 88 88 88 88 88 88 88 88 88 88 1 88 88 88
1 1 0 1 0 0 1 1 1 1 1 1 1 1 1 1 1 1 1 1 1 1 1 1 88 88 88 88 88 88 88 88 88 88 88 88 1 88 88 88
1 1 0 1 0 0 1 1 1 1 1 1 1 1 1 1 1 1 1 1 1 1 1 1 88 88 88 88 88 88 88 88 88 88 88 88 1 88 88 88
2 1 1 1 1 1 0 1 1 1 1 2 2 1 1 1 2 2 1 2 2 2 2 1 88 88 88 88 88 88 88 88 88 88 88 88 1 88 88 88
2 1 1 1 1 1 1 0 1 1 1 2 2 1 1 1 2 2 1 2 2 2 2 1 88 88 88 88 88 88 88 88 88 88 88 88 1 88 88 88
2 1 1 1 1 1 1 1 0 1 1 2 2 1 1 1 2 2 1 2 2 2 2 1 88 88 88 88 88 88 88 88 88 88 88 88 1 88 88 88
2 1 1 1 1 1 1 1 1 0 1 2 2 1 1 1 2 2 1 2 2 2 2 1 88 88 88 88 88 88 88 88 88 88 88 88 1 88 88 88
2 1 1 1 1 1 1 1 1 1 0 2 2 1 1 1 2 2 1 2 2 2 2 1 88 88 88 88 88 88 88 88 88 88 88 88 1 88 88 88
1 2 1 2 1 1 2 2 2 2 2 0 1 2 2 2 1 1 2 1 1 1 1 2 88 88 88 88 88 88 88 88 88 88 88 88 2 88 88 88
1 2 1 2 1 1 2 2 2 2 2 1 0 2 2 2 1 1 2 1 1 1 1 2 88 88 88 88 88 88 88 88 88 88 88 88 2 88 88 88
2 1 1 1 1 1 1 1 1 1 1 2 2 0 1 1 2 2 1 2 2 2 2 1 88 88 88 88 88 88 88 88 88 88 88 88 1 88 88 88
2 1 1 1 1 1 1 1 1 1 1 2 2 1 0 1 2 2 1 2 2 2 2 1 88 88 88 88 88 88 88 88 88 88 88 88 1 88 88 88
2 1 1 1 1 1 1 1 1 1 1 2 2 1 1 0 2 2 1 2 2 2 2 1 88 88 88 88 88 88 88 88 88 88 88 88 1 88 88 88
1 2 1 2 1 1 2 2 2 2 2 1 1 2 2 2 0 1 2 1 1 1 1 2 88 88 88 88 88 88 88 88 88 88 88 88 2 88 88 88
1 2 1 2 1 1 2 2 2 2 2 1 1 2 2 2 1 0 2 1 1 1 1 2 88 88 88 88 88 88 88 88 88 88 88 88 2 88 88 88
2 1 1 1 1 1 1 1 1 1 1 2 2 1 1 1 2 2 0 2 2 2 2 1 88 88 88 88 88 88 88 88 88 88 88 88 1 88 88 88
1 2 1 2 1 1 2 2 2 2 2 1 1 2 2 2 1 1 2 0 1 1 1 2 88 88 88 88 88 88 88 88 88 88 88 88 2 88 88 88
1 2 1 2 1 1 2 2 2 2 2 1 1 2 2 2 1 1 2 1 0 1 1 2 88 88 88 88 88 88 88 88 88 88 88 88 2 88 88 88
1 2 1 2 1 1 2 2 2 2 2 1 1 2 2 2 1 1 2 1 1 0 1 2 88 88 88 88 88 88 88 88 88 88 88 88 2 88 88 88
1 2 1 2 1 1 2 2 2 2 2 1 1 2 2 2 1 1 2 1 1 1 0 2 88 88 88 88 88 88 88 88 88 88 88 88 2 88 88 88
2 1 1 1 1 1 1 1 1 1 1 2 2 1 1 1 2 2 1 2 2 2 2 0 88 88 88 88 88 88 88 88 88 88 88 88 1 88 88 88
1 88 88 88 88 88 88 88 88 88 88 88 88 88 88 88 88 88 88 88 88 88 88 88 0 1 1 1 1 1 1 1 1 1 1 1 88 1 1 1
1 88 88 88 88 88 88 88 88 88 88 88 88 88 88 88 88 88 88 88 88 88 88 88 1 0 1 1 1 1 1 1 1 1 1 1 88 1 1 1
1 88 88 88 88 88 88 88 88 88 88 88 88 88 88 88 88 88 88 88 88 88 88 88 1 1 0 1 1 1 1 1 1 1 1 1 88 1 1 1
1 88 88 88 88 88 88 88 88 88 88 88 88 88 88 88 88 88 88 88 88 88 88 88 1 1 1 0 1 1 1 1 1 1 1 1 88 1 1 1
1 88 88 88 88 88 88 88 88 88 88 88 88 88 88 88 88 88 88 88 88 88 88 88 1 1 1 1 0 1 1 1 1 1 1 1 88 1 1 1
1 88 88 88 88 88 88 88 88 88 88 88 88 88 88 88 88 88 88 88 88 88 88 88 1 1 1 1 1 0 1 1 1 1 1 1 88 1 1 1
1 88 88 88 88 88 88 88 88 88 88 88 88 88 88 88 88 88 88 88 88 88 88 88 1 1 1 1 1 1 0 1 1 1 1 1 88 1 1 1
1 88 88 88 88 88 88 88 88 88 88 88 88 88 88 88 88 88 88 88 88 88 88 88 1 1 1 1 1 1 1 0 1 1 1 1 88 1 1 1
1 88 88 88 88 88 88 88 88 88 88 88 88 88 88 88 88 88 88 88 88 88 88 88 1 1 1 1 1 1 1 1 0 1 1 1 88 1 1 1
1 88 88 88 88 88 88 88 88 88 88 88 88 88 88 88 88 88 88 88 88 88 88 88 1 1 1 1 1 1 1 1 1 0 1 1 88 1 1 1
1 88 88 88 88 88 88 88 88 88 88 88 88 88 88 88 88 88 88 88 88 88 88 88 1 1 1 1 1 1 1 1 1 1 0 1 88 1 1 1
1 88 88 88 88 88 88 88 88 88 88 88 88 88 88 88 88 88 88 88 88 88 88 88 1 1 1 1 1 1 1 1 1 1 1 0 88 1 1 1
2 1 1 1 1 1 1 1 1 1 1 2 2 1 1 1 2 2 1 2 2 2 2 1 88 88 88 88 88 88 88 88 88 88 88 88 0 88 88 88
1 88 88 88 88 88 88 88 88 88 88 88 88 88 88 88 88 88 88 88 88 88 88 88 1 1 1 1 1 1 1 1 1 1 1 1 88 0 1 1
1 88 88 88 88 88 88 88 88 88 88 88 88 88 88 88 88 88 88 88 88 88 88 88 1 1 1 1 1 1 1 1 1 1 1 1 88 1 0 1
1 88 88 88 88 88 88 88 88 88 88 88 88 88 88 88 88 88 88 88 88 88 88 88 1 1 1 1 1 1 1 1 1 1 1 1 88 1 1 0

0 0 0 0 0 0 0 0 0 0 0 0 0 0 0 0 0 0 0 0 0 0 0 0 0 0 0 0 0 0 0 0 0 0 0 0 0 0 0 0 0 0 0 0 0 0 0
1 0 0 1 2 1 2 2 1 2 2 2 2 2 2 2 2 2 2 2 2 2 2 2 2 2 2 2 2 2 2 88 88 88 88 88 88 88 88 88 88 88 88 2 88 88 88
1 0 0 1 2 1 2 2 1 2 2 2 2 2 2 2 2 2 2 2 2 2 2 2 2 2 2 2 2 2 2 88 88 88 88 88 88 88 88 88 88 88 88 2 88 88 88
1 1 1 0 3 1 3 3 2 2 3 3 3 3 3 3 3 3 2 2 3 3 2 2 2 2 2 2 2 2 2 88 88 88 88 88 88 88 88 88 88 88 88 2 88 88 88
3 2 2 3 0 3 2 2 2 4 2 2 2 2 2 2 2 2 4 4 2 2 4 4 4 4 4 4 4 4 4 88 88 88 88 88 88 88 88 88 88 88 88 4 88 88 88
1 1 1 1 3 0 3 3 2 2 3 3 3 3 3 3 3 3 2 2 3 3 2 2 2 2 2 2 2 2 2 88 88 88 88 88 88 88 88 88 88 88 88 2 88 88 88
3 2 2 3 2 3 0 2 2 4 2 2 2 2 2 2 2 2 4 4 2 2 4 4 4 4 4 4 4 4 4 88 88 88 88 88 88 88 88 88 88 88 88 4 88 88 88
3 2 2 3 2 3 2 0 2 4 2 2 2 2 2 2 2 2 4 4 2 2 4 4 4 4 4 4 4 4 4 88 88 88 88 88 88 88 88 88 88 88 88 4 88 88 88
2 1 1 2 2 2 2 2 0 3 2 2 2 2 2 2 2 2 2 2 2 2 3 2 3 3 2 3 2 2 3 88 88 88 88 88 88 88 88 88 88 88 88 3 88 88 88
2 2 2 2 4 2 4 4 3 0 4 4 4 4 4 4 4 4 4 4 4 4 2 4 2 2 4 2 4 4 2 88 88 88 88 88 88 88 88 88 88 88 88 2 88 88 88
3 2 2 3 2 3 2 2 2 4 0 2 2 2 2 2 2 2 4 4 2 2 4 4 4 4 4 4 4 4 4 88 88 88 88 88 88 88 88 88 88 88 88 4 88 88 88
3 2 2 3 2 3 2 2 2 4 2 0 2 2 2 2 2 2 4 4 2 2 4 4 4 4 4 4 4 4 4 88 88 88 88 88 88 88 88 88 88 88 88 4 88 88 88
3 2 2 3 2 3 2 2 2 4 2 2 0 2 2 2 2 2 4 4 2 2 4 4 4 4 4 4 4 4 4 88 88 88 88 88 88 88 88 88 88 88 88 4 88 88 88
3 2 2 3 2 3 2 2 2 4 2 2 2 0 2 2 2 2 4 4 2 2 4 4 4 4 4 4 4 4 4 88 88 88 88 88 88 88 88 88 88 88 88 4 88 88 88
3 2 2 3 2 3 2 2 2 4 2 2 2 2 0 2 2 2 4 4 2 2 4 4 4 4 4 4 4 4 4 88 88 88 88 88 88 88 88 88 88 88 88 4 88 88 88
3 2 2 3 2 3 2 2 2 4 2 2 2 2 2 0 2 2 4 4 2 2 4 4 4 4 4 4 4 4 4 88 88 88 88 88 88 88 88 88 88 88 88 4 88 88 88
3 2 2 3 2 3 2 2 2 4 2 2 2 2 2 2 0 2 4 4 2 2 4 4 4 4 4 4 4 4 4 88 88 88 88 88 88 88 88 88 88 88 88 4 88 88 88
3 2 2 3 2 3 2 2 2 4 2 2 2 2 2 2 2 0 4 4 2 2 4 4 4 4 4 4 4 4 4 88 88 88 88 88 88 88 88 88 88 88 88 4 88 88 88
2 2 2 2 4 2 4 4 2 4 4 4 4 4 4 4 4 4 0 2 4 4 4 2 4 4 2 4 2 2 4 88 88 88 88 88 88 88 88 88 88 88 88 4 88 88 88
2 2 2 2 4 2 4 4 2 4 4 4 4 4 4 4 4 4 2 0 4 4 4 2 4 4 2 4 2 2 4 88 88 88 88 88 88 88 88 88 88 88 88 4 88 88 88
3 2 2 3 2 3 2 2 2 4 2 2 2 2 2 2 2 2 4 4 0 2 4 4 4 4 4 4 4 4 4 88 88 88 88 88 88 88 88 88 88 88 88 4 88 88 88
3 2 2 3 2 3 2 2 2 4 2 2 2 2 2 2 2 2 4 4 2 0 4 4 4 4 4 4 4 4 4 88 88 88 88 88 88 88 88 88 88 88 88 4 88 88 88
2 2 2 2 4 2 4 4 3 2 4 4 4 4 4 4 4 4 4 4 4 4 0 4 2 2 4 2 4 4 2 88 88 88 88 88 88 88 88 88 88 88 88 2 88 88 88
2 2 2 2 4 2 4 4 2 4 4 4 4 4 4 4 4 4 2 2 4 4 4 0 4 4 2 4 2 2 4 88 88 88 88 88 88 88 88 88 88 88 88 4 88 88 88
2 2 2 2 4 2 4 4 3 2 4 4 4 4 4 4 4 4 4 4 4 4 2 4 0 2 4 2 4 4 2 88 88 88 88 88 88 88 88 88 88 88 88 2 88 88 88
2 2 2 2 4 2 4 4 3 2 4 4 4 4 4 4 4 4 4 4 4 4 2 4 2 0 4 2 4 4 2 88 88 88 88 88 88 88 88 88 88 88 88 2 88 88 88
2 2 2 2 4 2 4 4 2 4 4 4 4 4 4 4 4 4 2 2 4 4 4 2 4 4 0 4 2 2 4 88 88 88 88 88 88 88 88 88 88 88 88 4 88 88 88
2 2 2 2 4 2 4 4 3 2 4 4 4 4 4 4 4 4 4 4 4 4 2 4 2 2 4 0 4 4 2 88 88 88 88 88 88 88 88 88 88 88 88 2 88 88 88
2 2 2 2 4 2 4 4 2 4 4 4 4 4 4 4 4 4 2 2 4 4 4 2 4 4 2 4 0 2 4 88 88 88 88 88 88 88 88 88 88 88 88 4 88 88 88
2 2 2 2 4 2 4 4 2 4 4 4 4 4 4 4 4 4 2 2 4 4 4 2 4 4 2 4 2 0 4 88 88 88 88 88 88 88 88 88 88 88 88 4 88 88 88
2 2 2 2 4 2 4 4 3 2 4 4 4 4 4 4 4 4 4 4 4 4 2 4 2 2 4 2 4 4 0 88 88 88 88 88 88 88 88 88 88 88 88 2 88 88 88
2 88 88 88 88 88 88 88 88 88 88 88 88 88 88 88 88 88 88 88 88 88 88 88 88 88 88 88 88 88 88 0 2 2 2 2 2 2 2 2 2 2 2 88 2 2 2
2 88 88 88 88 88 88 88 88 88 88 88 88 88 88 88 88 88 88 88 88 88 88 88 88 88 88 88 88 88 88 2 0 2 2 2 2 2 2 2 2 2 2 88 2 2 2
2 88 88 88 88 88 88 88 88 88 88 88 88 88 88 88 88 88 88 88 88 88 88 88 88 88 88 88 88 88 88 2 2 0 2 2 2 2 2 2 2 2 2 88 2 2 2
2 88 88 88 88 88 88 88 88 88 88 88 88 88 88 88 88 88 88 88 88 88 88 88 88 88 88 88 88 88 88 2 2 2 0 2 2 2 2 2 2 2 2 88 2 2 2
2 88 88 88 88 88 88 88 88 88 88 88 88 88 88 88 88 88 88 88 88 88 88 88 88 88 88 88 88 88 88 2 2 2 2 0 2 2 2 2 2 2 2 88 2 2 2
2 88 88 88 88 88 88 88 88 88 88 88 88 88 88 88 88 88 88 88 88 88 88 88 88 88 88 88 88 88 88 2 2 2 2 2 0 2 2 2 2 2 2 88 2 2 2
2 88 88 88 88 88 88 88 88 88 88 88 88 88 88 88 88 88 88 88 88 88 88 88 88 88 88 88 88 88 88 2 2 2 2 2 2 0 2 2 2 2 2 88 2 2 2
2 88 88 88 88 88 88 88 88 88 88 88 88 88 88 88 88 88 88 88 88 88 88 88 88 88 88 88 88 88 88 2 2 2 2 2 2 2 0 2 2 2 2 88 2 2 2
2 88 88 88 88 88 88 88 88 88 88 88 88 88 88 88 88 88 88 88 88 88 88 88 88 88 88 88 88 88 88 2 2 2 2 2 2 2 2 0 2 2 2 88 2 2 2
2 88 88 88 88 88 88 88 88 88 88 88 88 88 88 88 88 88 88 88 88 88 88 88 88 88 88 88 88 88 88 2 2 2 2 2 2 2 2 2 0 2 2 88 2 2 2
2 88 88 88 88 88 88 88 88 88 88 88 88 88 88 88 88 88 88 88 88 88 88 88 88 88 88 88 88 88 88 2 2 2 2 2 2 2 2 2 2 0 2 88 2 2 2
2 88 88 88 88 88 88 88 88 88 88 88 88 88 88 88 88 88 88 88 88 88 88 88 88 88 88 88 88 88 88 2 2 2 2 2 2 2 2 2 2 2 0 88 2 2 2
2 2 2 2 4 2 4 4 3 2 4 4 4 4 4 4 4 4 4 4 4 4 2 4 2 2 4 2 4 4 2 88 88 88 88 88 88 88 88 88 88 88 88 0 88 88 88
2 88 88 88 88 88 88 88 88 88 88 88 88 88 88 88 88 88 88 88 88 88 88 88 88 88 88 88 88 88 88 2 2 2 2 2 2 2 2 2 2 2 2 88 0 2 2
2 88 88 88 88 88 88 88 88 88 88 88 88 88 88 88 88 88 88 88 88 88 88 88 88 88 88 88 88 88 88 2 2 2 2 2 2 2 2 2 2 2 2 88 2 0 2
2 88 88 88 88 88 88 88 88 88 88 88 88 88 88 88 88 88 88 88 88 88 88 88 88 88 88 88 88 88 88 2 2 2 2 2 2 2 2 2 2 2 2 88 2 2 0


0 0 0 0 0 0 0 0 0 0 0 0 0 0 0 0 0 0 0 0 0 0 0 0 0 0 0 0 0 0 0 0 0 0 0 0 0 0 0 0 0 0 0 0 0 0 0 0 0 0 0
0 0 0 1 1 1 1 2 2 1 1 2 1 2 2 2 2 2 2 2 2 2 2 2 2 2 2 2 2 2 2 2 2 2 2 88 88 88 88 88 88 88 88 88 88 88 88 2 88 88 88
0 0 0 1 1 1 1 2 2 1 1 2 1 2 2 2 2 2 2 2 2 2 2 2 2 2 2 2 2 2 2 2 2 2 2 88 88 88 88 88 88 88 88 88 88 88 88 2 88 88 88
1 1 1 0 2 1 2 3 3 2 2 3 2 3 3 3 3 3 3 3 3 3 2 3 2 2 3 2 2 2 2 3 2 2 3 88 88 88 88 88 88 88 88 88 88 88 88 3 88 88 88
1 1 1 2 0 2 1 3 3 2 1 3 2 2 3 3 3 3 3 3 3 3 3 3 2 2 3 3 2 2 3 2 3 3 2 88 88 88 88 88 88 88 88 88 88 88 88 2 88 88 88
1 1 1 1 2 0 2 3 3 2 2 3 2 3 3 3 3 3 3 3 3 3 2 3 2 2 3 2 2 2 2 3 2 2 3 88 88 88 88 88 88 88 88 88 88 88 88 3 88 88 88
1 1 1 2 1 2 0 3 3 2 1 3 2 2 3 3 3 3 3 3 3 3 3 3 2 2 3 3 2 2 3 2 3 3 2 88 88 88 88 88 88 88 88 88 88 88 88 2 88 88 88
2 2 2 3 3 3 3 0 2 3 3 2 2 4 2 2 2 2 2 2 2 2 4 2 4 4 2 4 4 4 4 4 4 4 4 88 88 88 88 88 88 88 88 88 88 88 88 4 88 88 88
2 2 2 3 3 3 3 2 0 3 3 2 2 4 2 2 2 2 2 2 2 2 4 2 4 4 2 4 4 4 4 4 4 4 4 88 88 88 88 88 88 88 88 88 88 88 88 4 88 88 88
1 1 1 2 2 2 2 3 3 0 2 3 2 2 3 3 3 3 3 3 3 3 2 3 3 3 3 2 3 3 2 2 2 2 2 88 88 88 88 88 88 88 88 88 88 88 88 2 88 88 88
1 1 1 2 1 2 1 3 3 2 0 3 2 2 3 3 3 3 3 3 3 3 3 3 2 2 3 3 2 2 3 2 3 3 2 88 88 88 88 88 88 88 88 88 88 88 88 2 88 88 88
2 2 2 3 3 3 3 2 2 3 3 0 2 4 2 2 2 2 2 2 2 2 4 2 4 4 2 4 4 4 4 4 4 4 4 88 88 88 88 88 88 88 88 88 88 88 88 4 88 88 88
1 1 1 2 2 2 2 2 2 2 2 2 0 3 2 2 2 2 2 2 2 2 2 2 3 3 2 2 3 3 2 3 2 2 3 88 88 88 88 88 88 88 88 88 88 88 88 3 88 88 88
2 2 2 3 2 3 2 4 4 2 2 4 3 0 4 4 4 4 4 4 4 4 4 4 4 4 4 4 4 4 4 2 4 4 2 88 88 88 88 88 88 88 88 88 88 88 88 2 88 88 88
2 2 2 3 3 3 3 2 2 3 3 2 2 4 0 2 2 2 2 2 2 2 4 2 4 4 2 4 4 4 4 4 4 4 4 88 88 88 88 88 88 88 88 88 88 88 88 4 88 88 88
2 2 2 3 3 3 3 2 2 3 3 2 2 4 2 0 2 2 2 2 2 2 4 2 4 4 2 4 4 4 4 4 4 4 4 88 88 88 88 88 88 88 88 88 88 88 88 4 88 88 88
2 2 2 3 3 3 3 2 2 3 3 2 2 4 2 2 0 2 2 2 2 2 4 2 4 4 2 4 4 4 4 4 4 4 4 88 88 88 88 88 88 88 88 88 88 88 88 4 88 88 88
2 2 2 3 3 3 3 2 2 3 3 2 2 4 2 2 2 0 2 2 2 2 4 2 4 4 2 4 4 4 4 4 4 4 4 88 88 88 88 88 88 88 88 88 88 88 88 4 88 88 88
2 2 2 3 3 3 3 2 2 3 3 2 2 4 2 2 2 2 0 2 2 2 4 2 4 4 2 4 4 4 4 4 4 4 4 88 88 88 88 88 88 88 88 88 88 88 88 4 88 88 88
2 2 2 3 3 3 3 2 2 3 3 2 2 4 2 2 2 2 2 0 2 2 4 2 4 4 2 4 4 4 4 4 4 4 4 88 88 88 88 88 88 88 88 88 88 88 88 4 88 88 88
2 2 2 3 3 3 3 2 2 3 3 2 2 4 2 2 2 2 2 2 0 2 4 2 4 4 2 4 4 4 4 4 4 4 4 88 88 88 88 88 88 88 88 88 88 88 88 4 88 88 88
2 2 2 3 3 3 3 2 2 3 3 2 2 4 2 2 2 2 2 2 2 0 4 2 4 4 2 4 4 4 4 4 4 4 4 88 88 88 88 88 88 88 88 88 88 88 88 4 88 88 88
2 2 2 2 3 2 3 4 4 2 3 4 2 4 4 4 4 4 4 4 4 4 0 4 4 4 4 2 4 4 2 4 2 2 4 88 88 88 88 88 88 88 88 88 88 88 88 4 88 88 88
2 2 2 3 3 3 3 2 2 3 3 2 2 4 2 2 2 2 2 2 2 2 4 0 4 4 2 4 4 4 4 4 4 4 4 88 88 88 88 88 88 88 88 88 88 88 88 4 88 88 88
2 2 2 2 2 2 2 4 4 3 2 4 3 4 4 4 4 4 4 4 4 4 4 4 0 2 4 4 2 2 4 4 4 4 4 88 88 88 88 88 88 88 88 88 88 88 88 4 88 88 88
2 2 2 2 2 2 2 4 4 3 2 4 3 4 4 4 4 4 4 4 4 4 4 4 2 0 4 4 2 2 4 4 4 4 4 88 88 88 88 88 88 88 88 88 88 88 88 4 88 88 88
2 2 2 3 3 3 3 2 2 3 3 2 2 4 2 2 2 2 2 2 2 2 4 2 4 4 0 4 4 4 4 4 4 4 4 88 88 88 88 88 88 88 88 88 88 88 88 4 88 88 88
2 2 2 2 3 2 3 4 4 2 3 4 2 4 4 4 4 4 4 4 4 4 2 4 4 4 4 0 4 4 2 4 2 2 4 88 88 88 88 88 88 88 88 88 88 88 88 4 88 88 88
2 2 2 2 2 2 2 4 4 3 2 4 3 4 4 4 4 4 4 4 4 4 4 4 2 2 4 4 0 2 4 4 4 4 4 88 88 88 88 88 88 88 88 88 88 88 88 4 88 88 88
2 2 2 2 2 2 2 4 4 3 2 4 3 4 4 4 4 4 4 4 4 4 4 4 2 2 4 4 2 0 4 4 4 4 4 88 88 88 88 88 88 88 88 88 88 88 88 4 88 88 88
2 2 2 2 3 2 3 4 4 2 3 4 2 4 4 4 4 4 4 4 4 4 2 4 4 4 4 2 4 4 0 4 2 2 4 88 88 88 88 88 88 88 88 88 88 88 88 4 88 88 88
2 2 2 3 2 3 2 4 4 2 2 4 3 2 4 4 4 4 4 4 4 4 4 4 4 4 4 4 4 4 4 0 4 4 2 88 88 88 88 88 88 88 88 88 88 88 88 2 88 88 88
2 2 2 2 3 2 3 4 4 2 3 4 2 4 4 4 4 4 4 4 4 4 2 4 4 4 4 2 4 4 2 4 0 2 4 88 88 88 88 88 88 88 88 88 88 88 88 4 88 88 88
2 2 2 2 3 2 3 4 4 2 3 4 2 4 4 4 4 4 4 4 4 4 2 4 4 4 4 2 4 4 2 4 2 0 4 88 88 88 88 88 88 88 88 88 88 88 88 4 88 88 88
2 2 2 3 2 3 2 4 4 2 2 4 3 2 4 4 4 4 4 4 4 4 4 4 4 4 4 4 4 4 4 2 4 4 0 88 88 88 88 88 88 88 88 88 88 88 88 2 88 88 88
2 88 88 88 88 88 88 88 88 88 88 88 88 88 88 88 88 88 88 88 88 88 88 88 88 88 88 88 88 88 88 88 88 88 88 0 2 2 2 2 2 2 2 2 2 2 2 88 2 2 2
2 88 88 88 88 88 88 88 88 88 88 88 88 88 88 88 88 88 88 88 88 88 88 88 88 88 88 88 88 88 88 88 88 88 88 2 0 2 2 2 2 2 2 2 2 2 2 88 2 2 2
2 88 88 88 88 88 88 88 88 88 88 88 88 88 88 88 88 88 88 88 88 88 88 88 88 88 88 88 88 88 88 88 88 88 88 2 2 0 2 2 2 2 2 2 2 2 2 88 2 2 2
2 88 88 88 88 88 88 88 88 88 88 88 88 88 88 88 88 88 88 88 88 88 88 88 88 88 88 88 88 88 88 88 88 88 88 2 2 2 0 2 2 2 2 2 2 2 2 88 2 2 2
2 88 88 88 88 88 88 88 88 88 88 88 88 88 88 88 88 88 88 88 88 88 88 88 88 88 88 88 88 88 88 88 88 88 88 2 2 2 2 0 2 2 2 2 2 2 2 88 2 2 2
2 88 88 88 88 88 88 88 88 88 88 88 88 88 88 88 88 88 88 88 88 88 88 88 88 88 88 88 88 88 88 88 88 88 88 2 2 2 2 2 0 2 2 2 2 2 2 88 2 2 2
2 88 88 88 88 88 88 88 88 88 88 88 88 88 88 88 88 88 88 88 88 88 88 88 88 88 88 88 88 88 88 88 88 88 88 2 2 2 2 2 2 0 2 2 2 2 2 88 2 2 2
2 88 88 88 88 88 88 88 88 88 88 88 88 88 88 88 88 88 88 88 88 88 88 88 88 88 88 88 88 88 88 88 88 88 88 2 2 2 2 2 2 2 0 2 2 2 2 88 2 2 2
2 88 88 88 88 88 88 88 88 88 88 88 88 88 88 88 88 88 88 88 88 88 88 88 88 88 88 88 88 88 88 88 88 88 88 2 2 2 2 2 2 2 2 0 2 2 2 88 2 2 2
2 88 88 88 88 88 88 88 88 88 88 88 88 88 88 88 88 88 88 88 88 88 88 88 88 88 88 88 88 88 88 88 88 88 88 2 2 2 2 2 2 2 2 2 0 2 2 88 2 2 2
2 88 88 88 88 88 88 88 88 88 88 88 88 88 88 88 88 88 88 88 88 88 88 88 88 88 88 88 88 88 88 88 88 88 88 2 2 2 2 2 2 2 2 2 2 0 2 88 2 2 2
2 88 88 88 88 88 88 88 88 88 88 88 88 88 88 88 88 88 88 88 88 88 88 88 88 88 88 88 88 88 88 88 88 88 88 2 2 2 2 2 2 2 2 2 2 2 0 88 2 2 2
2 2 2 3 2 3 2 4 4 2 2 4 3 2 4 4 4 4 4 4 4 4 4 4 4 4 4 4 4 4 4 2 4 4 2 88 88 88 88 88 88 88 88 88 88 88 88 0 88 88 88
2 88 88 88 88 88 88 88 88 88 88 88 88 88 88 88 88 88 88 88 88 88 88 88 88 88 88 88 88 88 88 88 88 88 88 2 2 2 2 2 2 2 2 2 2 2 2 88 0 2 2
2 88 88 88 88 88 88 88 88 88 88 88 88 88 88 88 88 88 88 88 88 88 88 88 88 88 88 88 88 88 88 88 88 88 88 2 2 2 2 2 2 2 2 2 2 2 2 88 2 0 2
2 88 88 88 88 88 88 88 88 88 88 88 88 88 88 88 88 88 88 88 88 88 88 88 88 88 88 88 88 88 88 88 88 88 88 2 2 2 2 2 2 2 2 2 2 2 2 88 2 2 0


0 0 0 0 0 0 0 0 0 0 0 0 0 0 0 0 0 0 0 0 0 0 0 0 0 0 0 0 0 0 0 0 0 0 0 0 0 0 0 0 0 0 0 0 0 0 0 0 0 0 0 0 0 0 0 0 0
0 0 0 1 1 1 1 1 1 1 2 2 2 88 2 2 2 2 2 2 2 2 2 2 2 2 2 2 2 2 2 2 2 2 88 88 2 88 2 2 88 88 88 88 88 88 88 88 88 88 88 88 88 88 88 88 88
0 0 0 1 1 1 1 1 1 1 2 2 2 88 2 2 2 2 2 2 2 2 2 2 2 2 2 2 2 2 2 2 2 2 88 88 2 88 2 2 88 88 88 88 88 88 88 88 88 88 88 88 88 88 88 88 88
1 1 1 0 2 2 2 2 2 2 3 3 3 88 3 3 3 3 3 3 3 3 3 3 3 3 3 3 2 2 2 2 2 2 88 88 2 88 2 2 88 88 88 88 88 88 88 88 88 88 88 88 88 88 88 88 88
1 1 1 2 0 2 2 1 2 2 3 3 3 88 3 3 3 3 3 3 2 2 2 3 3 3 2 3 2 3 3 3 3 2 88 88 2 88 2 2 88 88 88 88 88 88 88 88 88 88 88 88 88 88 88 88 88
1 1 1 2 2 0 1 2 1 2 3 3 3 88 3 3 3 3 3 3 2 2 2 3 3 3 2 3 3 2 2 2 2 3 88 88 3 88 3 3 88 88 88 88 88 88 88 88 88 88 88 88 88 88 88 88 88
1 1 1 2 2 1 0 2 1 2 3 3 3 88 3 3 3 3 3 3 2 2 2 3 3 3 2 3 3 2 2 2 2 3 88 88 3 88 3 3 88 88 88 88 88 88 88 88 88 88 88 88 88 88 88 88 88
1 1 1 2 1 2 2 0 2 2 3 3 3 88 3 3 3 3 3 3 2 2 2 3 3 3 2 3 2 3 3 3 3 2 88 88 2 88 2 2 88 88 88 88 88 88 88 88 88 88 88 88 88 88 88 88 88
1 1 1 2 2 1 1 2 0 2 3 3 3 88 3 3 3 3 3 3 2 2 2 3 3 3 2 3 3 2 2 2 2 3 88 88 3 88 3 3 88 88 88 88 88 88 88 88 88 88 88 88 88 88 88 88 88
1 1 1 2 2 2 2 2 2 0 2 2 2 88 2 2 2 2 2 2 3 3 3 2 2 2 3 2 2 3 3 3 3 2 88 88 2 88 2 2 88 88 88 88 88 88 88 88 88 88 88 88 88 88 88 88 88
2 2 2 3 3 3 3 3 3 2 0 2 2 88 2 2 2 2 2 2 4 4 4 2 2 2 4 2 4 4 4 4 4 4 88 88 4 88 4 4 88 88 88 88 88 88 88 88 88 88 88 88 88 88 88 88 88
2 2 2 3 3 3 3 3 3 2 2 0 2 88 2 2 2 2 2 2 4 4 4 2 2 2 4 2 4 4 4 4 4 4 88 88 4 88 4 4 88 88 88 88 88 88 88 88 88 88 88 88 88 88 88 88 88
2 2 2 3 3 3 3 3 3 2 2 2 0 88 2 2 2 2 2 2 4 4 4 2 2 2 4 2 4 4 4 4 4 4 88 88 4 88 4 4 88 88 88 88 88 88 88 88 88 88 88 88 88 88 88 88 88
88 88 88 88 88 88 88 88 88 88 88 88 88 0 88 88 88 88 88 88 88 88 88 88 88 88 88 88 88 88 88 88 88 88 2 2 88 2 88 88 2 88 88 88 88 88 88 88 88 88 88 88 88 2 88 88 88
2 2 2 3 3 3 3 3 3 2 2 2 2 88 0 2 2 2 2 2 4 4 4 2 2 2 4 2 4 4 4 4 4 4 88 88 4 88 4 4 88 88 88 88 88 88 88 88 88 88 88 88 88 88 88 88 88
2 2 2 3 3 3 3 3 3 2 2 2 2 88 2 0 2 2 2 2 4 4 4 2 2 2 4 2 4 4 4 4 4 4 88 88 4 88 4 4 88 88 88 88 88 88 88 88 88 88 88 88 88 88 88 88 88
2 2 2 3 3 3 3 3 3 2 2 2 2 88 2 2 0 2 2 2 4 4 4 2 2 2 4 2 4 4 4 4 4 4 88 88 4 88 4 4 88 88 88 88 88 88 88 88 88 88 88 88 88 88 88 88 88
2 2 2 3 3 3 3 3 3 2 2 2 2 88 2 2 2 0 2 2 4 4 4 2 2 2 4 2 4 4 4 4 4 4 88 88 4 88 4 4 88 88 88 88 88 88 88 88 88 88 88 88 88 88 88 88 88
2 2 2 3 3 3 3 3 3 2 2 2 2 88 2 2 2 2 0 2 4 4 4 2 2 2 4 2 4 4 4 4 4 4 88 88 4 88 4 4 88 88 88 88 88 88 88 88 88 88 88 88 88 88 88 88 88
2 2 2 3 3 3 3 3 3 2 2 2 2 88 2 2 2 2 2 0 4 4 4 2 2 2 4 2 4 4 4 4 4 4 88 88 4 88 4 4 88 88 88 88 88 88 88 88 88 88 88 88 88 88 88 88 88
2 2 2 3 2 2 2 2 2 3 4 4 4 88 4 4 4 4 4 4 0 2 2 4 4 4 2 4 4 4 4 4 4 4 88 88 4 88 4 4 88 88 88 88 88 88 88 88 88 88 88 88 88 88 88 88 88
2 2 2 3 2 2 2 2 2 3 4 4 4 88 4 4 4 4 4 4 2 0 2 4 4 4 2 4 4 4 4 4 4 4 88 88 4 88 4 4 88 88 88 88 88 88 88 88 88 88 88 88 88 88 88 88 88
2 2 2 3 2 2 2 2 2 3 4 4 4 88 4 4 4 4 4 4 2 2 0 4 4 4 2 4 4 4 4 4 4 4 88 88 4 88 4 4 88 88 88 88 88 88 88 88 88 88 88 88 88 88 88 88 88
2 2 2 3 3 3 3 3 3 2 2 2 2 88 2 2 2 2 2 2 4 4 4 0 2 2 4 2 4 4 4 4 4 4 88 88 4 88 4 4 88 88 88 88 88 88 88 88 88 88 88 88 88 88 88 88 88
2 2 2 3 3 3 3 3 3 2 2 2 2 88 2 2 2 2 2 2 4 4 4 2 0 2 4 2 4 4 4 4 4 4 88 88 4 88 4 4 88 88 88 88 88 88 88 88 88 88 88 88 88 88 88 88 88
2 2 2 3 3 3 3 3 3 2 2 2 2 88 2 2 2 2 2 2 4 4 4 2 2 0 4 2 4 4 4 4 4 4 88 88 4 88 4 4 88 88 88 88 88 88 88 88 88 88 88 88 88 88 88 88 88
2 2 2 3 2 2 2 2 2 3 4 4 4 88 4 4 4 4 4 4 2 2 2 4 4 4 0 4 4 4 4 4 4 4 88 88 4 88 4 4 88 88 88 88 88 88 88 88 88 88 88 88 88 88 88 88 88
2 2 2 3 3 3 3 3 3 2 2 2 2 88 2 2 2 2 2 2 4 4 4 2 2 2 4 0 4 4 4 4 4 4 88 88 4 88 4 4 88 88 88 88 88 88 88 88 88 88 88 88 88 88 88 88 88
2 2 2 2 2 3 3 2 3 2 4 4 4 88 4 4 4 4 4 4 4 4 4 4 4 4 4 4 0 4 4 4 4 2 88 88 2 88 2 2 88 88 88 88 88 88 88 88 88 88 88 88 88 88 88 88 88
2 2 2 2 3 2 2 3 2 3 4 4 4 88 4 4 4 4 4 4 4 4 4 4 4 4 4 4 4 0 2 2 2 4 88 88 4 88 4 4 88 88 88 88 88 88 88 88 88 88 88 88 88 88 88 88 88
2 2 2 2 3 2 2 3 2 3 4 4 4 88 4 4 4 4 4 4 4 4 4 4 4 4 4 4 4 2 0 2 2 4 88 88 4 88 4 4 88 88 88 88 88 88 88 88 88 88 88 88 88 88 88 88 88
2 2 2 2 3 2 2 3 2 3 4 4 4 88 4 4 4 4 4 4 4 4 4 4 4 4 4 4 4 2 2 0 2 4 88 88 4 88 4 4 88 88 88 88 88 88 88 88 88 88 88 88 88 88 88 88 88
2 2 2 2 3 2 2 3 2 3 4 4 4 88 4 4 4 4 4 4 4 4 4 4 4 4 4 4 4 2 2 2 0 4 88 88 4 88 4 4 88 88 88 88 88 88 88 88 88 88 88 88 88 88 88 88 88
2 2 2 2 2 3 3 2 3 2 4 4 4 88 4 4 4 4 4 4 4 4 4 4 4 4 4 4 2 4 4 4 4 0 88 88 2 88 2 2 88 88 88 88 88 88 88 88 88 88 88 88 88 88 88 88 88
88 88 88 88 88 88 88 88 88 88 88 88 88 2 88 88 88 88 88 88 88 88 88 88 88 88 88 88 88 88 88 88 88 88 0 2 88 2 88 88 2 88 88 88 88 88 88 88 88 88 88 88 88 2 88 88 88
88 88 88 88 88 88 88 88 88 88 88 88 88 2 88 88 88 88 88 88 88 88 88 88 88 88 88 88 88 88 88 88 88 88 2 0 88 2 88 88 2 88 88 88 88 88 88 88 88 88 88 88 88 2 88 88 88
2 2 2 2 2 3 3 2 3 2 4 4 4 88 4 4 4 4 4 4 4 4 4 4 4 4 4 4 2 4 4 4 4 2 88 88 0 88 2 2 88 88 88 88 88 88 88 88 88 88 88 88 88 88 88 88 88
88 88 88 88 88 88 88 88 88 88 88 88 88 2 88 88 88 88 88 88 88 88 88 88 88 88 88 88 88 88 88 88 88 88 2 2 88 0 88 88 2 88 88 88 88 88 88 88 88 88 88 88 88 2 88 88 88
2 2 2 2 2 3 3 2 3 2 4 4 4 88 4 4 4 4 4 4 4 4 4 4 4 4 4 4 2 4 4 4 4 2 88 88 2 88 0 2 88 88 88 88 88 88 88 88 88 88 88 88 88 88 88 88 88
2 2 2 2 2 3 3 2 3 2 4 4 4 88 4 4 4 4 4 4 4 4 4 4 4 4 4 4 2 4 4 4 4 2 88 88 2 88 2 0 88 88 88 88 88 88 88 88 88 88 88 88 88 88 88 88 88
88 88 88 88 88 88 88 88 88 88 88 88 88 2 88 88 88 88 88 88 88 88 88 88 88 88 88 88 88 88 88 88 88 88 2 2 88 2 88 88 0 88 88 88 88 88 88 88 88 88 88 88 88 2 88 88 88
2 88 88 88 88 88 88 88 88 88 88 88 88 88 88 88 88 88 88 88 88 88 88 88 88 88 88 88 88 88 88 88 88 88 88 88 88 88 88 88 88 0 2 2 2 2 2 2 2 2 2 2 2 88 2 2 2
2 88 88 88 88 88 88 88 88 88 88 88 88 88 88 88 88 88 88 88 88 88 88 88 88 88 88 88 88 88 88 88 88 88 88 88 88 88 88 88 88 2 0 2 2 2 2 2 2 2 2 2 2 88 2 2 2
2 88 88 88 88 88 88 88 88 88 88 88 88 88 88 88 88 88 88 88 88 88 88 88 88 88 88 88 88 88 88 88 88 88 88 88 88 88 88 88 88 2 2 0 2 2 2 2 2 2 2 2 2 88 2 2 2
2 88 88 88 88 88 88 88 88 88 88 88 88 88 88 88 88 88 88 88 88 88 88 88 88 88 88 88 88 88 88 88 88 88 88 88 88 88 88 88 88 2 2 2 0 2 2 2 2 2 2 2 2 88 2 2 2
2 88 88 88 88 88 88 88 88 88 88 88 88 88 88 88 88 88 88 88 88 88 88 88 88 88 88 88 88 88 88 88 88 88 88 88 88 88 88 88 88 2 2 2 2 0 2 2 2 2 2 2 2 88 2 2 2
2 88 88 88 88 88 88 88 88 88 88 88 88 88 88 88 88 88 88 88 88 88 88 88 88 88 88 88 88 88 88 88 88 88 88 88 88 88 88 88 88 2 2 2 2 2 0 2 2 2 2 2 2 88 2 2 2
2 88 88 88 88 88 88 88 88 88 88 88 88 88 88 88 88 88 88 88 88 88 88 88 88 88 88 88 88 88 88 88 88 88 88 88 88 88 88 88 88 2 2 2 2 2 2 0 2 2 2 2 2 88 2 2 2
2 88 88 88 88 88 88 88 88 88 88 88 88 88 88 88 88 88 88 88 88 88 88 88 88 88 88 88 88 88 88 88 88 88 88 88 88 88 88 88 88 2 2 2 2 2 2 2 0 2 2 2 2 88 2 2 2
2 88 88 88 88 88 88 88 88 88 88 88 88 88 88 88 88 88 88 88 88 88 88 88 88 88 88 88 88 88 88 88 88 88 88 88 88 88 88 88 88 2 2 2 2 2 2 2 2 0 2 2 2 88 2 2 2
2 88 88 88 88 88 88 88 88 88 88 88 88 88 88 88 88 88 88 88 88 88 88 88 88 88 88 88 88 88 88 88 88 88 88 88 88 88 88 88 88 2 2 2 2 2 2 2 2 2 0 2 2 88 2 2 2
2 88 88 88 88 88 88 88 88 88 88 88 88 88 88 88 88 88 88 88 88 88 88 88 88 88 88 88 88 88 88 88 88 88 88 88 88 88 88 88 88 2 2 2 2 2 2 2 2 2 2 0 2 88 2 2 2
2 88 88 88 88 88 88 88 88 88 88 88 88 88 88 88 88 88 88 88 88 88 88 88 88 88 88 88 88 88 88 88 88 88 88 88 88 88 88 88 88 2 2 2 2 2 2 2 2 2 2 2 0 88 2 2 2
88 88 88 88 88 88 88 88 88 88 88 88 88 2 88 88 88 88 88 88 88 88 88 88 88 88 88 88 88 88 88 88 88 88 2 2 88 2 88 88 2 88 88 88 88 88 88 88 88 88 88 88 88 0 88 88 88
2 88 88 88 88 88 88 88 88 88 88 88 88 88 88 88 88 88 88 88 88 88 88 88 88 88 88 88 88 88 88 88 88 88 88 88 88 88 88 88 88 2 2 2 2 2 2 2 2 2 2 2 2 88 0 2 2
2 88 88 88 88 88 88 88 88 88 88 88 88 88 88 88 88 88 88 88 88 88 88 88 88 88 88 88 88 88 88 88 88 88 88 88 88 88 88 88 88 2 2 2 2 2 2 2 2 2 2 2 2 88 2 0 2
2 88 88 88 88 88 88 88 88 88 88 88 88 88 88 88 88 88 88 88 88 88 88 88 88 88 88 88 88 88 88 88 88 88 88 88 88 88 88 88 88 2 2 2 2 2 2 2 2 2 2 2 2 88 2 2 0


0 0 0 0 0 0 0 0 0 0 0 0 0 0 0 0 0 0 0 0 0 0 0 0 0 0 0 0 0 0 0 0 0 0 0 0 0 0 0 0 0 0 0 0 0 0 0 0 0 0 0 0 0 0 0 0 0 0 0
0 0 1 1 1 1 1 2 2 2 2 3 3 3 3 3 3 3 3 3 3 3 3 3 3 3 3 3 3 3 3 3 88 88 88 3 88 3 3 88 3 3 88 88 88 88 88 88 88 88 88 88 88 88 88 3 88 88 88
1 1 0 1 2 2 2 2 3 3 3 4 4 4 3 4 4 4 4 4 4 3 3 3 3 4 4 4 4 4 4 4 88 88 88 3 88 4 3 88 3 3 88 88 88 88 88 88 88 88 88 88 88 88 88 3 88 88 88
1 1 1 0 2 2 2 2 3 3 3 4 4 4 3 4 4 4 4 4 4 3 3 3 3 4 4 4 4 4 4 4 88 88 88 3 88 4 3 88 3 3 88 88 88 88 88 88 88 88 88 88 88 88 88 3 88 88 88
1 1 2 2 0 1 2 3 3 2 3 4 4 4 3 4 4 4 4 4 4 3 3 3 3 4 4 3 3 4 3 3 88 88 88 4 88 4 4 88 4 4 88 88 88 88 88 88 88 88 88 88 88 88 88 3 88 88 88
1 1 2 2 1 0 2 3 3 2 3 4 4 4 3 4 4 4 4 4 4 3 3 3 3 4 4 3 3 4 3 3 88 88 88 4 88 4 4 88 4 4 88 88 88 88 88 88 88 88 88 88 88 88 88 3 88 88 88
1 1 2 2 2 2 0 3 3 3 2 3 3 3 4 3 3 3 3 3 3 3 3 3 3 3 3 4 4 3 4 4 88 88 88 3 88 3 3 88 3 3 88 88 88 88 88 88 88 88 88 88 88 88 88 4 88 88 88
2 2 2 2 3 3 3 0 3 4 3 5 5 5 3 5 5 5 5 5 5 5 5 5 5 5 5 5 5 5 5 5 88 88 88 3 88 5 3 88 3 3 88 88 88 88 88 88 88 88 88 88 88 88 88 3 88 88 88
2 2 3 3 3 3 3 3 0 3 3 5 5 5 5 5 5 5 5 5 5 5 5 5 5 5 5 3 3 5 3 3 88 88 88 3 88 5 3 88 3 3 88 88 88 88 88 88 88 88 88 88 88 88 88 5 88 88 88
2 2 3 3 2 2 3 4 3 0 4 5 5 5 5 5 5 5 5 5 5 3 3 3 3 5 5 3 3 5 3 3 88 88 88 5 88 5 5 88 5 5 88 88 88 88 88 88 88 88 88 88 88 88 88 5 88 88 88
2 2 3 3 3 3 2 3 3 4 0 3 3 3 5 3 3 3 3 3 3 5 5 5 5 3 3 5 5 3 5 5 88 88 88 3 88 3 3 88 3 3 88 88 88 88 88 88 88 88 88 88 88 88 88 5 88 88 88
3 3 4 4 4 4 3 5 5 5 3 0 3 3 6 3 3 3 3 3 3 6 6 6 6 3 3 6 6 3 6 6 88 88 88 6 88 3 6 88 6 6 88 88 88 88 88 88 88 88 88 88 88 88 88 6 88 88 88
3 3 4 4 4 4 3 5 5 5 3 3 0 3 6 3 3 3 3 3 3 6 6 6 6 3 3 6 6 3 6 6 88 88 88 6 88 3 6 88 6 6 88 88 88 88 88 88 88 88 88 88 88 88 88 6 88 88 88
3 3 4 4 4 4 3 5 5 5 3 3 3 0 6 3 3 3 3 3 3 6 6 6 6 3 3 6 6 3 6 6 88 88 88 6 88 3 6 88 6 6 88 88 88 88 88 88 88 88 88 88 88 88 88 6 88 88 88
3 3 3 3 3 3 4 3 5 5 5 6 6 6 0 6 6 6 6 6 6 6 6 6 6 6 6 6 6 6 6 6 88 88 88 6 88 6 6 88 6 6 88 88 88 88 88 88 88 88 88 88 88 88 88 3 88 88 88
3 3 4 4 4 4 3 5 5 5 3 3 3 3 6 0 3 3 3 3 3 6 6 6 6 3 3 6 6 3 6 6 88 88 88 6 88 3 6 88 6 6 88 88 88 88 88 88 88 88 88 88 88 88 88 6 88 88 88
3 3 4 4 4 4 3 5 5 5 3 3 3 3 6 3 0 3 3 3 3 6 6 6 6 3 3 6 6 3 6 6 88 88 88 6 88 3 6 88 6 6 88 88 88 88 88 88 88 88 88 88 88 88 88 6 88 88 88
3 3 4 4 4 4 3 5 5 5 3 3 3 3 6 3 3 0 3 3 3 6 6 6 6 3 3 6 6 3 6 6 88 88 88 6 88 3 6 88 6 6 88 88 88 88 88 88 88 88 88 88 88 88 88 6 88 88 88
3 3 4 4 4 4 3 5 5 5 3 3 3 3 6 3 3 3 0 3 3 6 6 6 6 3 3 6 6 3 6 6 88 88 88 6 88 3 6 88 6 6 88 88 88 88 88 88 88 88 88 88 88 88 88 6 88 88 88
3 3 4 4 4 4 3 5 5 5 3 3 3 3 6 3 3 3 3 0 3 6 6 6 6 3 3 6 6 3 6 6 88 88 88 6 88 3 6 88 6 6 88 88 88 88 88 88 88 88 88 88 88 88 88 6 88 88 88
3 3 4 4 4 4 3 5 5 5 3 3 3 3 6 3 3 3 3 3 0 6 6 6 6 3 3 6 6 3 6 6 88 88 88 6 88 3 6 88 6 6 88 88 88 88 88 88 88 88 88 88 88 88 88 6 88 88 88
3 3 3 3 3 3 3 5 5 3 5 6 6 6 6 6 6 6 6 6 6 0 3 3 3 6 6 6 6 6 6 6 88 88 88 6 88 6 6 88 6 6 88 88 88 88 88 88 88 88 88 88 88 88 88 6 88 88 88
3 3 3 3 3 3 3 5 5 3 5 6 6 6 6 6 6 6 6 6 6 3 0 3 3 6 6 6 6 6 6 6 88 88 88 6 88 6 6 88 6 6 88 88 88 88 88 88 88 88 88 88 88 88 88 6 88 88 88
3 3 3 3 3 3 3 5 5 3 5 6 6 6 6 6 6 6 6 6 6 3 3 0 3 6 6 6 6 6 6 6 88 88 88 6 88 6 6 88 6 6 88 88 88 88 88 88 88 88 88 88 88 88 88 6 88 88 88
3 3 3 3 3 3 3 5 5 3 5 6 6 6 6 6 6 6 6 6 6 3 3 3 0 6 6 6 6 6 6 6 88 88 88 6 88 6 6 88 6 6 88 88 88 88 88 88 88 88 88 88 88 88 88 6 88 88 88
3 3 4 4 4 4 3 5 5 5 3 3 3 3 6 3 3 3 3 3 3 6 6 6 6 0 3 6 6 3 6 6 88 88 88 6 88 3 6 88 6 6 88 88 88 88 88 88 88 88 88 88 88 88 88 6 88 88 88
3 3 4 4 4 4 3 5 5 5 3 3 3 3 6 3 3 3 3 3 3 6 6 6 6 3 0 6 6 3 6 6 88 88 88 6 88 3 6 88 6 6 88 88 88 88 88 88 88 88 88 88 88 88 88 6 88 88 88
3 3 4 4 3 3 4 5 3 3 5 6 6 6 6 6 6 6 6 6 6 6 6 6 6 6 6 0 3 6 3 3 88 88 88 6 88 6 6 88 6 6 88 88 88 88 88 88 88 88 88 88 88 88 88 6 88 88 88
3 3 4 4 3 3 4 5 3 3 5 6 6 6 6 6 6 6 6 6 6 6 6 6 6 6 6 3 0 6 3 3 88 88 88 6 88 6 6 88 6 6 88 88 88 88 88 88 88 88 88 88 88 88 88 6 88 88 88
3 3 4 4 4 4 3 5 5 5 3 3 3 3 6 3 3 3 3 3 3 6 6 6 6 3 3 6 6 0 6 6 88 88 88 6 88 3 6 88 6 6 88 88 88 88 88 88 88 88 88 88 88 88 88 6 88 88 88
3 3 4 4 3 3 4 5 3 3 5 6 6 6 6 6 6 6 6 6 6 6 6 6 6 6 6 3 3 6 0 3 88 88 88 6 88 6 6 88 6 6 88 88 88 88 88 88 88 88 88 88 88 88 88 6 88 88 88
3 3 4 4 3 3 4 5 3 3 5 6 6 6 6 6 6 6 6 6 6 6 6 6 6 6 6 3 3 6 3 0 88 88 88 6 88 6 6 88 6 6 88 88 88 88 88 88 88 88 88 88 88 88 88 6 88 88 88
88 88 88 88 88 88 88 88 88 88 88 88 88 88 88 88 88 88 88 88 88 88 88 88 88 88 88 88 88 88 88 88 0 3 3 88 3 88 88 3 88 88 3 88 88 88 88 88 88 88 88 88 88 88 88 88 88 88 88
88 88 88 88 88 88 88 88 88 88 88 88 88 88 88 88 88 88 88 88 88 88 88 88 88 88 88 88 88 88 88 88 3 0 3 88 3 88 88 3 88 88 3 88 88 88 88 88 88 88 88 88 88 88 88 88 88 88 88
88 88 88 88 88 88 88 88 88 88 88 88 88 88 88 88 88 88 88 88 88 88 88 88 88 88 88 88 88 88 88 88 3 3 0 88 3 88 88 3 88 88 3 88 88 88 88 88 88 88 88 88 88 88 88 88 88 88 88
3 3 3 3 4 4 3 3 3 5 3 6 6 6 6 6 6 6 6 6 6 6 6 6 6 6 6 6 6 6 6 6 88 88 88 0 88 6 3 88 3 3 88 88 88 88 88 88 88 88 88 88 88 88 88 6 88 88 88
88 88 88 88 88 88 88 88 88 88 88 88 88 88 88 88 88 88 88 88 88 88 88 88 88 88 88 88 88 88 88 88 3 3 3 88 0 88 88 3 88 88 3 88 88 88 88 88 88 88 88 88 88 88 88 88 88 88 88
3 3 4 4 4 4 3 5 5 5 3 3 3 3 6 3 3 3 3 3 3 6 6 6 6 3 3 6 6 3 6 6 88 88 88 6 88 0 6 88 6 6 88 88 88 88 88 88 88 88 88 88 88 88 88 6 88 88 88
3 3 3 3 4 4 3 3 3 5 3 6 6 6 6 6 6 6 6 6 6 6 6 6 6 6 6 6 6 6 6 6 88 88 88 3 88 6 0 88 3 3 88 88 88 88 88 88 88 88 88 88 88 88 88 6 88 88 88
88 88 88 88 88 88 88 88 88 88 88 88 88 88 88 88 88 88 88 88 88 88 88 88 88 88 88 88 88 88 88 88 3 3 3 88 3 88 88 0 88 88 3 88 88 88 88 88 88 88 88 88 88 88 88 88 88 88 88
3 3 3 3 4 4 3 3 3 5 3 6 6 6 6 6 6 6 6 6 6 6 6 6 6 6 6 6 6 6 6 6 88 88 88 3 88 6 3 88 0 3 88 88 88 88 88 88 88 88 88 88 88 88 88 6 88 88 88
3 3 3 3 4 4 3 3 3 5 3 6 6 6 6 6 6 6 6 6 6 6 6 6 6 6 6 6 6 6 6 6 88 88 88 3 88 6 3 88 3 0 88 88 88 88 88 88 88 88 88 88 88 88 88 6 88 88 88
88 88 88 88 88 88 88 88 88 88 88 88 88 88 88 88 88 88 88 88 88 88 88 88 88 88 88 88 88 88 88 88 3 3 3 88 3 88 88 3 88 88 0 88 88 88 88 88 88 88 88 88 88 88 88 88 88 88 88
3 88 88 88 88 88 88 88 88 88 88 88 88 88 88 88 88 88 88 88 88 88 88 88 88 88 88 88 88 88 88 88 88 88 88 88 88 88 88 88 88 88 88 0 3 3 3 3 3 3 3 3 3 3 3 88 3 3 3
3 88 88 88 88 88 88 88 88 88 88 88 88 88 88 88 88 88 88 88 88 88 88 88 88 88 88 88 88 88 88 88 88 88 88 88 88 88 88 88 88 88 88 3 0 3 3 3 3 3 3 3 3 3 3 88 3 3 3
3 88 88 88 88 88 88 88 88 88 88 88 88 88 88 88 88 88 88 88 88 88 88 88 88 88 88 88 88 88 88 88 88 88 88 88 88 88 88 88 88 88 88 3 3 0 3 3 3 3 3 3 3 3 3 88 3 3 3
3 88 88 88 88 88 88 88 88 88 88 88 88 88 88 88 88 88 88 88 88 88 88 88 88 88 88 88 88 88 88 88 88 88 88 88 88 88 88 88 88 88 88 3 3 3 0 3 3 3 3 3 3 3 3 88 3 3 3
3 88 88 88 88 88 88 88 88 88 88 88 88 88 88 88 88 88 88 88 88 88 88 88 88 88 88 88 88 88 88 88 88 88 88 88 88 88 88 88 88 88 88 3 3 3 3 0 3 3 3 3 3 3 3 88 3 3 3
3 88 88 88 88 88 88 88 88 88 88 88 88 88 88 88 88 88 88 88 88 88 88 88 88 88 88 88 88 88 88 88 88 88 88 88 88 88 88 88 88 88 88 3 3 3 3 3 0 3 3 3 3 3 3 88 3 3 3
3 88 88 88 88 88 88 88 88 88 88 88 88 88 88 88 88 88 88 88 88 88 88 88 88 88 88 88 88 88 88 88 88 88 88 88 88 88 88 88 88 88 88 3 3 3 3 3 3 0 3 3 3 3 3 88 3 3 3
3 88 88 88 88 88 88 88 88 88 88 88 88 88 88 88 88 88 88 88 88 88 88 88 88 88 88 88 88 88 88 88 88 88 88 88 88 88 88 88 88 88 88 3 3 3 3 3 3 3 0 3 3 3 3 88 3 3 3
3 88 88 88 88 88 88 88 88 88 88 88 88 88 88 88 88 88 88 88 88 88 88 88 88 88 88 88 88 88 88 88 88 88 88 88 88 88 88 88 88 88 88 3 3 3 3 3 3 3 3 0 3 3 3 88 3 3 3
3 88 88 88 88 88 88 88 88 88 88 88 88 88 88 88 88 88 88 88 88 88 88 88 88 88 88 88 88 88 88 88 88 88 88 88 88 88 88 88 88 88 88 3 3 3 3 3 3 3 3 3 0 3 3 88 3 3 3
3 88 88 88 88 88 88 88 88 88 88 88 88 88 88 88 88 88 88 88 88 88 88 88 88 88 88 88 88 88 88 88 88 88 88 88 88 88 88 88 88 88 88 3 3 3 3 3 3 3 3 3 3 0 3 88 3 3 3
3 88 88 88 88 88 88 88 88 88 88 88 88 88 88 88 88 88 88 88 88 88 88 88 88 88 88 88 88 88 88 88 88 88 88 88 88 88 88 88 88 88 88 3 3 3 3 3 3 3 3 3 3 3 0 88 3 3 3
3 3 3 3 3 3 4 3 5 5 5 6 6 6 3 6 6 6 6 6 6 6 6 6 6 6 6 6 6 6 6 6 88 88 88 6 88 6 6 88 6 6 88 88 88 88 88 88 88 88 88 88 88 88 88 0 88 88 88
3 88 88 88 88 88 88 88 88 88 88 88 88 88 88 88 88 88 88 88 88 88 88 88 88 88 88 88 88 88 88 88 88 88 88 88 88 88 88 88 88 88 88 3 3 3 3 3 3 3 3 3 3 3 3 88 0 3 3
3 88 88 88 88 88 88 88 88 88 88 88 88 88 88 88 88 88 88 88 88 88 88 88 88 88 88 88 88 88 88 88 88 88 88 88 88 88 88 88 88 88 88 3 3 3 3 3 3 3 3 3 3 3 3 88 3 0 3
3 88 88 88 88 88 88 88 88 88 88 88 88 88 88 88 88 88 88 88 88 88 88 88 88 88 88 88 88 88 88 88 88 88 88 88 88 88 88 88 88 88 88 3 3 3 3 3 3 3 3 3 3 3 3 88 3 3 0




0 0 0 0 0 0 0 0 0 0 0 0 0 0 0 0 0 0 0 0 0 0 0 0 0 0 0 0 0 0 0 0 0 0 0 0 0 0 0 0 0 0 0 0 0 0 0 0 0 0 0 0 0 0 0 0 0 0 0 0 0 0 0
0 0 1 1 1 1 1 3 2 3 2 2 2 3 88 3 3 3 3 3 3 3 3 3 3 3 3 3 3 3 3 3 88 3 88 88 88 88 88 3 3 3 3 88 3 3 88 88 88 88 88 88 88 88 88 88 88 88 88 88 88 88 88
1 1 0 2 2 2 1 4 3 4 2 3 3 4 88 4 4 3 3 4 4 4 3 4 4 4 3 4 4 4 4 4 88 4 88 88 88 88 88 3 3 3 3 88 3 3 88 88 88 88 88 88 88 88 88 88 88 88 88 88 88 88 88
1 1 2 0 2 2 2 3 2 3 3 3 3 3 88 3 3 3 3 3 3 3 3 3 3 4 3 4 4 3 3 4 88 3 88 88 88 88 88 3 4 4 3 88 3 3 88 88 88 88 88 88 88 88 88 88 88 88 88 88 88 88 88
1 1 2 2 0 1 2 4 3 4 3 2 3 4 88 4 4 3 3 4 4 4 3 4 4 3 3 3 3 4 4 3 88 4 88 88 88 88 88 4 3 3 4 88 4 4 88 88 88 88 88 88 88 88 88 88 88 88 88 88 88 88 88
1 1 2 2 1 0 2 4 3 4 3 2 3 4 88 4 4 3 3 4 4 4 3 4 4 3 3 3 3 4 4 3 88 4 88 88 88 88 88 4 3 3 4 88 4 4 88 88 88 88 88 88 88 88 88 88 88 88 88 88 88 88 88
1 1 1 2 2 2 0 4 3 4 2 3 3 4 88 4 4 3 3 4 4 4 3 4 4 4 3 4 4 4 4 4 88 4 88 88 88 88 88 3 3 3 3 88 3 3 88 88 88 88 88 88 88 88 88 88 88 88 88 88 88 88 88
3 3 4 3 4 4 4 0 3 3 5 5 5 3 88 3 3 6 6 3 3 3 6 3 3 6 6 6 6 3 3 6 88 3 88 88 88 88 88 6 6 6 6 88 6 6 88 88 88 88 88 88 88 88 88 88 88 88 88 88 88 88 88
2 2 3 2 3 3 3 3 0 3 3 4 3 3 88 3 3 5 5 3 3 3 5 3 3 5 5 5 5 3 3 5 88 3 88 88 88 88 88 3 5 5 3 88 3 3 88 88 88 88 88 88 88 88 88 88 88 88 88 88 88 88 88
3 3 4 3 4 4 4 3 3 0 5 5 5 3 88 3 3 6 6 3 3 3 6 3 3 6 6 6 6 3 3 6 88 3 88 88 88 88 88 6 6 6 6 88 6 6 88 88 88 88 88 88 88 88 88 88 88 88 88 88 88 88 88
2 2 2 3 3 3 2 5 3 5 0 4 3 5 88 5 5 5 5 5 5 5 5 5 5 5 5 5 5 5 5 5 88 5 88 88 88 88 88 3 3 3 3 88 3 3 88 88 88 88 88 88 88 88 88 88 88 88 88 88 88 88 88
2 2 3 3 2 2 3 5 4 5 4 0 3 5 88 5 5 3 3 5 5 5 3 5 5 3 3 3 3 5 5 3 88 5 88 88 88 88 88 5 5 5 5 88 5 5 88 88 88 88 88 88 88 88 88 88 88 88 88 88 88 88 88
2 2 3 3 3 3 3 5 3 5 3 3 0 5 88 5 5 5 5 5 5 5 5 5 5 3 5 3 3 5 5 3 88 5 88 88 88 88 88 3 5 5 3 88 3 3 88 88 88 88 88 88 88 88 88 88 88 88 88 88 88 88 88
3 3 4 3 4 4 4 3 3 3 5 5 5 0 88 3 3 6 6 3 3 3 6 3 3 6 6 6 6 3 3 6 88 3 88 88 88 88 88 6 6 6 6 88 6 6 88 88 88 88 88 88 88 88 88 88 88 88 88 88 88 88 88
88 88 88 88 88 88 88 88 88 88 88 88 88 88 0 88 88 88 88 88 88 88 88 88 88 88 88 88 88 88 88 88 88 88 88 88 88 88 88 88 88 88 88 3 88 88 3 88 88 88 88 88 88 88 88 88 88 88 88 3 88 88 88
3 3 4 3 4 4 4 3 3 3 5 5 5 3 88 0 3 6 6 3 3 3 6 3 3 6 6 6 6 3 3 6 88 3 88 88 88 88 88 6 6 6 6 88 6 6 88 88 88 88 88 88 88 88 88 88 88 88 88 88 88 88 88
3 3 4 3 4 4 4 3 3 3 5 5 5 3 88 3 0 6 6 3 3 3 6 3 3 6 6 6 6 3 3 6 88 3 88 88 88 88 88 6 6 6 6 88 6 6 88 88 88 88 88 88 88 88 88 88 88 88 88 88 88 88 88
3 3 3 3 3 3 3 6 5 6 5 3 5 6 88 6 6 0 3 6 6 6 3 6 6 6 3 6 6 6 6 6 88 6 88 88 88 88 88 6 6 6 6 88 6 6 88 88 88 88 88 88 88 88 88 88 88 88 88 88 88 88 88
3 3 3 3 3 3 3 6 5 6 5 3 5 6 88 6 6 3 0 6 6 6 3 6 6 6 3 6 6 6 6 6 88 6 88 88 88 88 88 6 6 6 6 88 6 6 88 88 88 88 88 88 88 88 88 88 88 88 88 88 88 88 88
3 3 4 3 4 4 4 3 3 3 5 5 5 3 88 3 3 6 6 0 3 3 6 3 3 6 6 6 6 3 3 6 88 3 88 88 88 88 88 6 6 6 6 88 6 6 88 88 88 88 88 88 88 88 88 88 88 88 88 88 88 88 88
3 3 4 3 4 4 4 3 3 3 5 5 5 3 88 3 3 6 6 3 0 3 6 3 3 6 6 6 6 3 3 6 88 3 88 88 88 88 88 6 6 6 6 88 6 6 88 88 88 88 88 88 88 88 88 88 88 88 88 88 88 88 88
3 3 4 3 4 4 4 3 3 3 5 5 5 3 88 3 3 6 6 3 3 0 6 3 3 6 6 6 6 3 3 6 88 3 88 88 88 88 88 6 6 6 6 88 6 6 88 88 88 88 88 88 88 88 88 88 88 88 88 88 88 88 88
3 3 3 3 3 3 3 6 5 6 5 3 5 6 88 6 6 3 3 6 6 6 0 6 6 6 3 6 6 6 6 6 88 6 88 88 88 88 88 6 6 6 6 88 6 6 88 88 88 88 88 88 88 88 88 88 88 88 88 88 88 88 88
3 3 4 3 4 4 4 3 3 3 5 5 5 3 88 3 3 6 6 3 3 3 6 0 3 6 6 6 6 3 3 6 88 3 88 88 88 88 88 6 6 6 6 88 6 6 88 88 88 88 88 88 88 88 88 88 88 88 88 88 88 88 88
3 3 4 3 4 4 4 3 3 3 5 5 5 3 88 3 3 6 6 3 3 3 6 3 0 6 6 6 6 3 3 6 88 3 88 88 88 88 88 6 6 6 6 88 6 6 88 88 88 88 88 88 88 88 88 88 88 88 88 88 88 88 88
3 3 4 4 3 3 4 6 5 6 5 3 3 6 88 6 6 6 6 6 6 6 6 6 6 0 6 3 3 6 6 3 88 6 88 88 88 88 88 6 6 6 6 88 6 6 88 88 88 88 88 88 88 88 88 88 88 88 88 88 88 88 88
3 3 3 3 3 3 3 6 5 6 5 3 5 6 88 6 6 3 3 6 6 6 3 6 6 6 0 6 6 6 6 6 88 6 88 88 88 88 88 6 6 6 6 88 6 6 88 88 88 88 88 88 88 88 88 88 88 88 88 88 88 88 88
3 3 4 4 3 3 4 6 5 6 5 3 3 6 88 6 6 6 6 6 6 6 6 6 6 3 6 0 3 6 6 3 88 6 88 88 88 88 88 6 6 6 6 88 6 6 88 88 88 88 88 88 88 88 88 88 88 88 88 88 88 88 88
3 3 4 4 3 3 4 6 5 6 5 3 3 6 88 6 6 6 6 6 6 6 6 6 6 3 6 3 0 6 6 3 88 6 88 88 88 88 88 6 6 6 6 88 6 6 88 88 88 88 88 88 88 88 88 88 88 88 88 88 88 88 88
3 3 4 3 4 4 4 3 3 3 5 5 5 3 88 3 3 6 6 3 3 3 6 3 3 6 6 6 6 0 3 6 88 3 88 88 88 88 88 6 6 6 6 88 6 6 88 88 88 88 88 88 88 88 88 88 88 88 88 88 88 88 88
3 3 4 3 4 4 4 3 3 3 5 5 5 3 88 3 3 6 6 3 3 3 6 3 3 6 6 6 6 3 0 6 88 3 88 88 88 88 88 6 6 6 6 88 6 6 88 88 88 88 88 88 88 88 88 88 88 88 88 88 88 88 88
3 3 4 4 3 3 4 6 5 6 5 3 3 6 88 6 6 6 6 6 6 6 6 6 6 3 6 3 3 6 6 0 88 6 88 88 88 88 88 6 6 6 6 88 6 6 88 88 88 88 88 88 88 88 88 88 88 88 88 88 88 88 88
88 88 88 88 88 88 88 88 88 88 88 88 88 88 88 88 88 88 88 88 88 88 88 88 88 88 88 88 88 88 88 88 0 88 3 3 3 3 3 88 88 88 88 88 88 88 88 88 88 88 88 88 88 88 88 88 88 88 88 88 88 88 88
3 3 4 3 4 4 4 3 3 3 5 5 5 3 88 3 3 6 6 3 3 3 6 3 3 6 6 6 6 3 3 6 88 0 88 88 88 88 88 6 6 6 6 88 6 6 88 88 88 88 88 88 88 88 88 88 88 88 88 88 88 88 88
88 88 88 88 88 88 88 88 88 88 88 88 88 88 88 88 88 88 88 88 88 88 88 88 88 88 88 88 88 88 88 88 3 88 0 3 3 3 3 88 88 88 88 88 88 88 88 88 88 88 88 88 88 88 88 88 88 88 88 88 88 88 88
88 88 88 88 88 88 88 88 88 88 88 88 88 88 88 88 88 88 88 88 88 88 88 88 88 88 88 88 88 88 88 88 3 88 3 0 3 3 3 88 88 88 88 88 88 88 88 88 88 88 88 88 88 88 88 88 88 88 88 88 88 88 88
88 88 88 88 88 88 88 88 88 88 88 88 88 88 88 88 88 88 88 88 88 88 88 88 88 88 88 88 88 88 88 88 3 88 3 3 0 3 3 88 88 88 88 88 88 88 88 88 88 88 88 88 88 88 88 88 88 88 88 88 88 88 88
88 88 88 88 88 88 88 88 88 88 88 88 88 88 88 88 88 88 88 88 88 88 88 88 88 88 88 88 88 88 88 88 3 88 3 3 3 0 3 88 88 88 88 88 88 88 88 88 88 88 88 88 88 88 88 88 88 88 88 88 88 88 88
88 88 88 88 88 88 88 88 88 88 88 88 88 88 88 88 88 88 88 88 88 88 88 88 88 88 88 88 88 88 88 88 3 88 3 3 3 3 0 88 88 88 88 88 88 88 88 88 88 88 88 88 88 88 88 88 88 88 88 88 88 88 88
3 3 3 3 4 4 3 6 3 6 3 5 3 6 88 6 6 6 6 6 6 6 6 6 6 6 6 6 6 6 6 6 88 6 88 88 88 88 88 0 6 6 3 88 3 3 88 88 88 88 88 88 88 88 88 88 88 88 88 88 88 88 88
3 3 3 4 3 3 3 6 5 6 3 5 5 6 88 6 6 6 6 6 6 6 6 6 6 6 6 6 6 6 6 6 88 6 88 88 88 88 88 6 0 3 6 88 6 6 88 88 88 88 88 88 88 88 88 88 88 88 88 88 88 88 88
3 3 3 4 3 3 3 6 5 6 3 5 5 6 88 6 6 6 6 6 6 6 6 6 6 6 6 6 6 6 6 6 88 6 88 88 88 88 88 6 3 0 6 88 6 6 88 88 88 88 88 88 88 88 88 88 88 88 88 88 88 88 88
3 3 3 3 4 4 3 6 3 6 3 5 3 6 88 6 6 6 6 6 6 6 6 6 6 6 6 6 6 6 6 6 88 6 88 88 88 88 88 3 6 6 0 88 3 3 88 88 88 88 88 88 88 88 88 88 88 88 88 88 88 88 88
88 88 88 88 88 88 88 88 88 88 88 88 88 88 3 88 88 88 88 88 88 88 88 88 88 88 88 88 88 88 88 88 88 88 88 88 88 88 88 88 88 88 88 0 88 88 3 88 88 88 88 88 88 88 88 88 88 88 88 3 88 88 88
3 3 3 3 4 4 3 6 3 6 3 5 3 6 88 6 6 6 6 6 6 6 6 6 6 6 6 6 6 6 6 6 88 6 88 88 88 88 88 3 6 6 3 88 0 3 88 88 88 88 88 88 88 88 88 88 88 88 88 88 88 88 88
3 3 3 3 4 4 3 6 3 6 3 5 3 6 88 6 6 6 6 6 6 6 6 6 6 6 6 6 6 6 6 6 88 6 88 88 88 88 88 3 6 6 3 88 3 0 88 88 88 88 88 88 88 88 88 88 88 88 88 88 88 88 88
88 88 88 88 88 88 88 88 88 88 88 88 88 88 3 88 88 88 88 88 88 88 88 88 88 88 88 88 88 88 88 88 88 88 88 88 88 88 88 88 88 88 88 3 88 88 0 88 88 88 88 88 88 88 88 88 88 88 88 3 88 88 88
3 88 88 88 88 88 88 88 88 88 88 88 88 88 88 88 88 88 88 88 88 88 88 88 88 88 88 88 88 88 88 88 88 88 88 88 88 88 88 88 88 88 88 88 88 88 88 0 3 3 3 3 3 3 3 3 3 3 3 88 3 3 3
3 88 88 88 88 88 88 88 88 88 88 88 88 88 88 88 88 88 88 88 88 88 88 88 88 88 88 88 88 88 88 88 88 88 88 88 88 88 88 88 88 88 88 88 88 88 88 3 0 3 3 3 3 3 3 3 3 3 3 88 3 3 3
3 88 88 88 88 88 88 88 88 88 88 88 88 88 88 88 88 88 88 88 88 88 88 88 88 88 88 88 88 88 88 88 88 88 88 88 88 88 88 88 88 88 88 88 88 88 88 3 3 0 3 3 3 3 3 3 3 3 3 88 3 3 3
3 88 88 88 88 88 88 88 88 88 88 88 88 88 88 88 88 88 88 88 88 88 88 88 88 88 88 88 88 88 88 88 88 88 88 88 88 88 88 88 88 88 88 88 88 88 88 3 3 3 0 3 3 3 3 3 3 3 3 88 3 3 3
3 88 88 88 88 88 88 88 88 88 88 88 88 88 88 88 88 88 88 88 88 88 88 88 88 88 88 88 88 88 88 88 88 88 88 88 88 88 88 88 88 88 88 88 88 88 88 3 3 3 3 0 3 3 3 3 3 3 3 88 3 3 3
3 88 88 88 88 88 88 88 88 88 88 88 88 88 88 88 88 88 88 88 88 88 88 88 88 88 88 88 88 88 88 88 88 88 88 88 88 88 88 88 88 88 88 88 88 88 88 3 3 3 3 3 0 3 3 3 3 3 3 88 3 3 3
3 88 88 88 88 88 88 88 88 88 88 88 88 88 88 88 88 88 88 88 88 88 88 88 88 88 88 88 88 88 88 88 88 88 88 88 88 88 88 88 88 88 88 88 88 88 88 3 3 3 3 3 3 0 3 3 3 3 3 88 3 3 3
3 88 88 88 88 88 88 88 88 88 88 88 88 88 88 88 88 88 88 88 88 88 88 88 88 88 88 88 88 88 88 88 88 88 88 88 88 88 88 88 88 88 88 88 88 88 88 3 3 3 3 3 3 3 0 3 3 3 3 88 3 3 3
3 88 88 88 88 88 88 88 88 88 88 88 88 88 88 88 88 88 88 88 88 88 88 88 88 88 88 88 88 88 88 88 88 88 88 88 88 88 88 88 88 88 88 88 88 88 88 3 3 3 3 3 3 3 3 0 3 3 3 88 3 3 3
3 88 88 88 88 88 88 88 88 88 88 88 88 88 88 88 88 88 88 88 88 88 88 88 88 88 88 88 88 88 88 88 88 88 88 88 88 88 88 88 88 88 88 88 88 88 88 3 3 3 3 3 3 3 3 3 0 3 3 88 3 3 3
3 88 88 88 88 88 88 88 88 88 88 88 88 88 88 88 88 88 88 88 88 88 88 88 88 88 88 88 88 88 88 88 88 88 88 88 88 88 88 88 88 88 88 88 88 88 88 3 3 3 3 3 3 3 3 3 3 0 3 88 3 3 3
3 88 88 88 88 88 88 88 88 88 88 88 88 88 88 88 88 88 88 88 88 88 88 88 88 88 88 88 88 88 88 88 88 88 88 88 88 88 88 88 88 88 88 88 88 88 88 3 3 3 3 3 3 3 3 3 3 3 0 88 3 3 3
88 88 88 88 88 88 88 88 88 88 88 88 88 88 3 88 88 88 88 88 88 88 88 88 88 88 88 88 88 88 88 88 88 88 88 88 88 88 88 88 88 88 88 3 88 88 3 88 88 88 88 88 88 88 88 88 88 88 88 0 88 88 88
3 88 88 88 88 88 88 88 88 88 88 88 88 88 88 88 88 88 88 88 88 88 88 88 88 88 88 88 88 88 88 88 88 88 88 88 88 88 88 88 88 88 88 88 88 88 88 3 3 3 3 3 3 3 3 3 3 3 3 88 0 3 3
3 88 88 88 88 88 88 88 88 88 88 88 88 88 88 88 88 88 88 88 88 88 88 88 88 88 88 88 88 88 88 88 88 88 88 88 88 88 88 88 88 88 88 88 88 88 88 3 3 3 3 3 3 3 3 3 3 3 3 88 3 0 3
3 88 88 88 88 88 88 88 88 88 88 88 88 88 88 88 88 88 88 88 88 88 88 88 88 88 88 88 88 88 88 88 88 88 88 88 88 88 88 88 88 88 88 88 88 88 88 3 3 3 3 3 3 3 3 3 3 3 3 88 3 3 0

8
